Num X cells: 320
Num ghost cells: 3
Time: 2
-1.01562 4.23283e-06
-1.00937 3.6434e-06
-1.00313 3.1617e-06
-0.996875 2.82012e-06
-0.990625 2.51325e-06
-0.984375 2.2884e-06
-0.978125 2.14132e-06
-0.971875 2.07002e-06
-0.965625 2.07486e-06
-0.959375 2.15862e-06
-0.953125 2.32661e-06
-0.946875 2.58692e-06
-0.940625 2.95065e-06
-0.934375 3.4323e-06
-0.928125 4.05019e-06
-0.921875 4.82699e-06
-0.915625 5.79031e-06
-0.909375 6.97352e-06
-0.903125 8.41651e-06
-0.896875 1.01668e-05
-0.890625 1.22806e-05
-0.884375 1.48242e-05
-0.878125 1.78755e-05
-0.871875 2.15256e-05
-0.865625 2.58809e-05
-0.859375 3.10655e-05
-0.853125 3.72231e-05
-0.846875 4.45204e-05
-0.840625 5.31498e-05
-0.834375 6.33334e-05
-0.828125 7.53262e-05
-0.821875 8.94209e-05
-0.815625 0.000105952
-0.809375 0.000125303
-0.803125 0.000147909
-0.796875 0.000174265
-0.790625 0.000204933
-0.784375 0.000240547
-0.778125 0.000281826
-0.771875 0.000329576
-0.765625 0.000384703
-0.759375 0.000448226
-0.753125 0.00052128
-0.746875 0.000605135
-0.740625 0.000701202
-0.734375 0.000811048
-0.728125 0.00093641
-0.721875 0.00107921
-0.715625 0.00124156
-0.709375 0.00142579
-0.703125 0.00163445
-0.696875 0.00187034
-0.690625 0.00213652
-0.684375 0.00243631
-0.678125 0.00277331
-0.671875 0.00315146
-0.665625 0.00357498
-0.659375 0.00404844
-0.653125 0.00457675
-0.646875 0.00516519
-0.640625 0.0058194
-0.634375 0.0065454
-0.628125 0.00734958
-0.621875 0.00823877
-0.615625 0.00922015
-0.609375 0.0103013
-0.603125 0.0114903
-0.596875 0.0127955
-0.590625 0.0142257
-0.584375 0.01579
-0.578125 0.0174979
-0.571875 0.0193595
-0.565625 0.0213848
-0.559375 0.0235844
-0.553125 0.025969
-0.546875 0.0285497
-0.540625 0.0313377
-0.534375 0.0343444
-0.528125 0.0375813
-0.521875 0.0410598
-0.515625 0.0447917
-0.509375 0.0487883
-0.503125 0.0530611
-0.496875 0.0576213
-0.490625 0.0624799
-0.484375 0.0676474
-0.478125 0.0731343
-0.471875 0.0789502
-0.465625 0.0851044
-0.459375 0.0916056
-0.453125 0.0984616
-0.446875 0.10568
-0.440625 0.113266
-0.434375 0.121226
-0.428125 0.129565
-0.421875 0.138285
-0.415625 0.147389
-0.409375 0.156877
-0.403125 0.166751
-0.396875 0.177007
-0.390625 0.187645
-0.384375 0.198659
-0.378125 0.210044
-0.371875 0.221793
-0.365625 0.233898
-0.359375 0.24635
-0.353125 0.259137
-0.346875 0.272247
-0.340625 0.285667
-0.334375 0.29938
-0.328125 0.313372
-0.321875 0.327624
-0.315625 0.342118
-0.309375 0.356834
-0.303125 0.371752
-0.296875 0.386849
-0.290625 0.402102
-0.284375 0.417489
-0.278125 0.432986
-0.271875 0.448568
-0.265625 0.46421
-0.259375 0.479886
-0.253125 0.49557
-0.246875 0.511238
-0.240625 0.526863
-0.234375 0.542419
-0.228125 0.55788
-0.221875 0.573221
-0.215625 0.588418
-0.209375 0.603444
-0.203125 0.618276
-0.196875 0.63289
-0.190625 0.647263
-0.184375 0.661373
-0.178125 0.675199
-0.171875 0.688719
-0.165625 0.701913
-0.159375 0.714763
-0.153125 0.72725
-0.146875 0.739357
-0.140625 0.751068
-0.134375 0.762367
-0.128125 0.77324
-0.121875 0.783672
-0.115625 0.793653
-0.109375 0.803169
-0.103125 0.812209
-0.096875 0.820763
-0.090625 0.828823
-0.084375 0.836378
-0.078125 0.843422
-0.071875 0.849947
-0.065625 0.855945
-0.059375 0.861412
-0.053125 0.866342
-0.046875 0.870729
-0.040625 0.87457
-0.034375 0.87786
-0.028125 0.880595
-0.021875 0.882774
-0.015625 0.884392
-0.009375 0.885449
-0.003125 0.885942
0.003125 0.88587
0.009375 0.885233
0.015625 0.884029
0.021875 0.882259
0.028125 0.879924
0.034375 0.877025
0.040625 0.873563
0.046875 0.869542
0.053125 0.864963
0.059375 0.85983
0.065625 0.854148
0.071875 0.847923
0.078125 0.841159
0.084375 0.833864
0.090625 0.826045
0.096875 0.817711
0.103125 0.808872
0.109375 0.799537
0.115625 0.789719
0.121875 0.77943
0.128125 0.768684
0.134375 0.757495
0.140625 0.745879
0.146875 0.733853
0.153125 0.721434
0.159375 0.708642
0.165625 0.695495
0.171875 0.682015
0.178125 0.668223
0.184375 0.654142
0.190625 0.639795
0.196875 0.625205
0.203125 0.610397
0.209375 0.595396
0.215625 0.580229
0.221875 0.56492
0.228125 0.549495
0.234375 0.533982
0.240625 0.518407
0.246875 0.502796
0.253125 0.487175
0.259375 0.471571
0.265625 0.456008
0.271875 0.440514
0.278125 0.425111
0.284375 0.409825
0.290625 0.394678
0.296875 0.379694
0.303125 0.364894
0.309375 0.350299
0.315625 0.335927
0.321875 0.321799
0.328125 0.307931
0.334375 0.294339
0.340625 0.281039
0.346875 0.268043
0.353125 0.255365
0.359375 0.243015
0.365625 0.231004
0.371875 0.219338
0.378125 0.208026
0.384375 0.197073
0.390625 0.186484
0.396875 0.176261
0.403125 0.166407
0.409375 0.156922
0.415625 0.147807
0.421875 0.139059
0.428125 0.130676
0.434375 0.122654
0.440625 0.11499
0.446875 0.107678
0.453125 0.100711
0.459375 0.0940843
0.465625 0.087789
0.471875 0.0818175
0.478125 0.0761614
0.484375 0.0708116
0.490625 0.0657589
0.496875 0.0609935
0.503125 0.0565055
0.509375 0.0522849
0.515625 0.0483212
0.521875 0.0446042
0.528125 0.0411234
0.534375 0.0378685
0.540625 0.0348289
0.546875 0.0319946
0.553125 0.0293553
0.559375 0.026901
0.565625 0.024622
0.571875 0.0225087
0.578125 0.0205517
0.584375 0.0187421
0.590625 0.017071
0.596875 0.01553
0.603125 0.0141109
0.609375 0.0128058
0.615625 0.0116073
0.621875 0.0105081
0.628125 0.00950145
0.634375 0.00858074
0.640625 0.0077398
0.646875 0.00697277
0.653125 0.00627409
0.659375 0.00563854
0.665625 0.0050612
0.671875 0.00453744
0.678125 0.00406292
0.684375 0.0036336
0.690625 0.00324569
0.696875 0.00289566
0.703125 0.00258024
0.709375 0.00229639
0.715625 0.00204127
0.721875 0.0018123
0.728125 0.00160705
0.734375 0.00142332
0.740625 0.00125907
0.746875 0.00111242
0.753125 0.000981667
0.759375 0.000865231
0.765625 0.000761684
0.771875 0.000669718
0.778125 0.000588145
0.784375 0.000515885
0.790625 0.000451957
0.796875 0.000395474
0.803125 0.000345633
0.809375 0.00030171
0.815625 0.000263053
0.821875 0.000229073
0.828125 0.000199244
0.834375 0.000173091
0.840625 0.000150191
0.846875 0.000130165
0.853125 0.000112674
0.859375 9.74177e-05
0.865625 8.41267e-05
0.871875 7.25627e-05
0.878125 6.2514e-05
0.884375 5.37933e-05
0.890625 4.62346e-05
0.896875 3.96915e-05
0.903125 3.40348e-05
0.909375 2.91508e-05
0.915625 2.49395e-05
0.921875 2.13131e-05
0.928125 1.81947e-05
0.934375 1.55171e-05
0.940625 1.32216e-05
0.946875 1.12571e-05
0.953125 9.57903e-06
0.959375 8.14904e-06
0.965625 6.93382e-06
0.971875 5.9048e-06
0.978125 5.03756e-06
0.984375 4.31138e-06
0.990625 3.70887e-06
0.996875 3.21565e-06
1.00313 0
1.00937 2.47874e-06
1.01562 2.26235e-06
