Num X cells: 320
Num ghost cells: 3
Time: 0
-1.01562 0
-1.00937 0
-1.00313 0
-0.996875 0
-0.990625 0
-0.984375 0
-0.978125 0
-0.971875 0
-0.965625 0
-0.959375 0
-0.953125 0
-0.946875 0
-0.940625 0
-0.934375 0
-0.928125 0
-0.921875 0
-0.915625 0
-0.909375 0
-0.903125 0
-0.896875 0
-0.890625 0
-0.884375 0
-0.878125 0
-0.871875 0
-0.865625 0
-0.859375 0
-0.853125 0
-0.846875 0
-0.840625 0
-0.834375 0
-0.828125 0
-0.821875 0
-0.815625 0
-0.809375 0
-0.803125 0
-0.796875 0
-0.790625 0
-0.784375 0
-0.778125 0
-0.771875 0
-0.765625 0
-0.759375 0
-0.753125 0
-0.746875 0
-0.740625 0
-0.734375 0
-0.728125 0
-0.721875 0
-0.715625 0
-0.709375 0
-0.703125 0
-0.696875 0
-0.690625 0
-0.684375 0
-0.678125 0
-0.671875 0
-0.665625 0
-0.659375 0
-0.653125 0
-0.646875 0
-0.640625 0
-0.634375 0
-0.628125 0
-0.621875 0
-0.615625 0
-0.609375 0
-0.603125 0
-0.596875 0
-0.590625 0
-0.584375 0
-0.578125 0
-0.571875 0
-0.565625 0
-0.559375 0
-0.553125 0
-0.546875 0
-0.540625 0
-0.534375 0
-0.528125 0
-0.521875 0
-0.515625 0
-0.509375 0
-0.503125 0
-0.496875 0
-0.490625 0
-0.484375 0
-0.478125 0
-0.471875 0
-0.465625 0
-0.459375 0
-0.453125 0
-0.446875 0
-0.440625 0
-0.434375 0
-0.428125 0
-0.421875 0
-0.415625 0
-0.409375 0
-0.403125 0
-0.396875 0
-0.390625 0
-0.384375 0
-0.378125 0
-0.371875 0
-0.365625 0
-0.359375 0
-0.353125 0
-0.346875 0
-0.340625 0
-0.334375 0
-0.328125 0
-0.321875 0
-0.315625 0
-0.309375 0
-0.303125 0
-0.296875 0
-0.290625 0
-0.284375 0
-0.278125 0
-0.271875 0
-0.265625 0
-0.259375 0
-0.253125 0
-0.246875 1
-0.240625 1
-0.234375 1
-0.228125 1
-0.221875 1
-0.215625 1
-0.209375 1
-0.203125 1
-0.196875 1
-0.190625 1
-0.184375 1
-0.178125 1
-0.171875 1
-0.165625 1
-0.159375 1
-0.153125 1
-0.146875 1
-0.140625 1
-0.134375 1
-0.128125 1
-0.121875 1
-0.115625 1
-0.109375 1
-0.103125 1
-0.096875 1
-0.090625 1
-0.084375 1
-0.078125 1
-0.071875 1
-0.065625 1
-0.059375 1
-0.053125 1
-0.046875 1
-0.040625 1
-0.034375 1
-0.028125 1
-0.021875 1
-0.015625 1
-0.009375 1
-0.003125 1
0.003125 1
0.009375 1
0.015625 1
0.021875 1
0.028125 1
0.034375 1
0.040625 1
0.046875 1
0.053125 1
0.059375 1
0.065625 1
0.071875 1
0.078125 1
0.084375 1
0.090625 1
0.096875 1
0.103125 1
0.109375 1
0.115625 1
0.121875 1
0.128125 1
0.134375 1
0.140625 1
0.146875 1
0.153125 1
0.159375 1
0.165625 1
0.171875 1
0.178125 1
0.184375 1
0.190625 1
0.196875 1
0.203125 1
0.209375 1
0.215625 1
0.221875 1
0.228125 1
0.234375 1
0.240625 1
0.246875 1
0.253125 0
0.259375 0
0.265625 0
0.271875 0
0.278125 0
0.284375 0
0.290625 0
0.296875 0
0.303125 0
0.309375 0
0.315625 0
0.321875 0
0.328125 0
0.334375 0
0.340625 0
0.346875 0
0.353125 0
0.359375 0
0.365625 0
0.371875 0
0.378125 0
0.384375 0
0.390625 0
0.396875 0
0.403125 0
0.409375 0
0.415625 0
0.421875 0
0.428125 0
0.434375 0
0.440625 0
0.446875 0
0.453125 0
0.459375 0
0.465625 0
0.471875 0
0.478125 0
0.484375 0
0.490625 0
0.496875 0
0.503125 0
0.509375 0
0.515625 0
0.521875 0
0.528125 0
0.534375 0
0.540625 0
0.546875 0
0.553125 0
0.559375 0
0.565625 0
0.571875 0
0.578125 0
0.584375 0
0.590625 0
0.596875 0
0.603125 0
0.609375 0
0.615625 0
0.621875 0
0.628125 0
0.634375 0
0.640625 0
0.646875 0
0.653125 0
0.659375 0
0.665625 0
0.671875 0
0.678125 0
0.684375 0
0.690625 0
0.696875 0
0.703125 0
0.709375 0
0.715625 0
0.721875 0
0.728125 0
0.734375 0
0.740625 0
0.746875 0
0.753125 0
0.759375 0
0.765625 0
0.771875 0
0.778125 0
0.784375 0
0.790625 0
0.796875 0
0.803125 0
0.809375 0
0.815625 0
0.821875 0
0.828125 0
0.834375 0
0.840625 0
0.846875 0
0.853125 0
0.859375 0
0.865625 0
0.871875 0
0.878125 0
0.884375 0
0.890625 0
0.896875 0
0.903125 0
0.909375 0
0.915625 0
0.921875 0
0.928125 0
0.934375 0
0.940625 0
0.946875 0
0.953125 0
0.959375 0
0.965625 0
0.971875 0
0.978125 0
0.984375 0
0.990625 0
0.996875 0
1.00313 0
1.00937 0
1.01562 0
